0.34 0.137 0.535  -2.4562 -1.24761 -1.99474 -1.47004  -1.5708    4.027
0.473 0.044 0.317   -2.817  -1.7701 -2.13437 -0.80792  -1.5708  4.38779
-0.27 0.282 0.42 -0.523783  -1.39757  -2.19256  -1.12226   -1.5708   2.09458
-0.154 0.074 0.325  0.245047 -0.630626  -2.76101  -1.32075   -1.5708   1.32575
0.153 0.268 0.357  -1.72802  -1.25563  -2.47686 -0.979897   -1.5708   3.29882
-0.093 0.099 0.326  0.116636 -0.306652  -2.76798  -1.63776   -1.5708   1.45416
0.46 0.459 0.529 -2.18852 -1.94548 -1.29307 -1.47383  -1.5708  3.75931
-0.418 0.203 0.566 -0.214993  -1.49039  -1.72542  -1.49658   -1.5708   1.78579
0.378 -0.015 0.377  -2.88856  -1.42813  -2.29401 -0.990252   -1.5708   4.45936
0.453 0.247 0.561 -2.42924 -1.61541 -1.61562 -1.48136  -1.5708  4.00004
0.445 0.296 0.319  -2.34895  -1.88608   -1.9683 -0.858008   -1.5708   3.91975
0.46 0.432 0.439 -2.21373 -1.94673 -1.52668 -1.23898  -1.5708  3.78453
-0.308 0.016 0.408 0.309843 -1.16749 -2.37857 -1.16633  -1.5708  1.26095
-0.388 0.427 0.589 -0.642883  -1.75928  -1.38214  -1.57097   -1.5708   2.21368
0.481 0.009 0.349  -2.89401   -1.7255   -2.0822 -0.904689   -1.5708    4.4648
0.257 0.203 0.384 -2.13327 -1.26634 -2.38942 -1.05663  -1.5708  3.70407
0.45 0.311 0.497 -2.33597 -1.71437 -1.67207 -1.32595  -1.5708  3.90677
0.268 0.404 0.455 -1.92942 -1.59855 -1.91154  -1.2023  -1.5708  3.50022
-0.163 0.343 0.53 -0.83564 -1.28437 -1.98284 -1.44518  -1.5708  2.40644
0.169 0.323 0.351  -1.74876  -1.43937  -2.36642 -0.906598   -1.5708   3.31956
-0.176 0.197 0.387 -0.415692  -1.03649  -2.49812  -1.17778   -1.5708   1.98649
-0.344 0.11 0.513 -0.00246996    -1.24024    -2.05608    -1.41607     -1.5708     1.57327
-0.015 0.386 0.414  -1.2455 -1.39404 -2.21239 -1.10596  -1.5708  2.81629
0.414 0.189 0.577 -2.47113  -1.4654  -1.7198 -1.52719  -1.5708  4.04193
0.383 0.319 0.414 -2.22634 -1.67289 -1.94615 -1.09334  -1.5708  3.79714
-0.195 0.416 0.552 -0.892592  -1.48059  -1.77015  -1.46164   -1.5708   2.46339
0.06 0.317 0.485 -1.41273 -1.14273 -2.18635 -1.38331  -1.5708  2.98353
0.357 0.034 0.313  -2.73737  -1.51208  -2.43445 -0.765867   -1.5708   4.30817
-0.208 0.113 0.333 -0.0184185   -1.02328   -2.65731    -1.0318    -1.5708    1.58921
0.47 0.391 0.515  -2.2682  -1.8569 -1.44906 -1.40643  -1.5708  3.83899
0.281 0.236 0.412   -2.141 -1.34265 -2.25697 -1.11277  -1.5708   3.7118
0.127 0.15 0.594  -1.68457 -0.776706  -2.04151  -1.89417   -1.5708   3.25536
-0.417 0.026 0.305   0.20204  -1.67372  -2.29696 -0.741716   -1.5708   1.36876
0.355 0.156 0.389 -2.44222 -1.43414 -2.25289 -1.02536  -1.5708  4.01301
-0.296 0.173 0.51 -0.204913  -1.19023  -2.09475  -1.42741   -1.5708   1.77571
0.382 0.2 0.461 -2.40335 -1.46104 -2.02622 -1.22514  -1.5708  3.97415
-0.429 0.307 0.589 -0.412719  -1.63972  -1.51832  -1.55435   -1.5708   1.98351
0.34 0.137 0.535  -2.4562 -1.24761 -1.99474 -1.47004  -1.5708    4.027
-0.179 0 0.579  0.655779 -0.709036  -2.09252  -1.91083   -1.5708  0.915018
0.498 0.032 0.392 -2.85692 -1.70143  -1.9777 -1.03327  -1.5708  4.42771
0.105 0.158 0.443  -1.54429 -0.675397  -2.45134  -1.58565   -1.5708   3.11509
0.27 0.013 0.514  -2.67782 -0.972113  -2.19126  -1.54902   -1.5708   4.24862
0.049 0.362 0.535 -1.40191 -1.24421 -1.99696 -1.47122  -1.5708   2.9727
0.5 0.054 0.597 -2.81523 -1.58026 -1.55991 -1.57222  -1.5708  4.38603
0.334 0.404 0.409 -2.05186 -1.73712 -1.88579 -1.08947  -1.5708  3.62266
-0.257 0.36 0.531 -0.701468  -1.44503  -1.85555   -1.4118   -1.5708   2.27226
0.165 0.179 0.408   -1.8506 -0.925799   -2.4817  -1.30489   -1.5708   3.42139
-0.072 0.496 0.565  -1.2071 -1.57911 -1.64274 -1.49055  -1.5708   2.7779
0.474 0.114 0.516 -2.67976 -1.56274 -1.78541 -1.36424  -1.5708  4.25056
0.183 0.094 0.351  -2.10783 -0.820108  -2.66261  -1.22967   -1.5708   3.67862
0.007 0.241 0.483 -1.13003 -0.87746 -2.30324 -1.53169  -1.5708  2.70082
-0.275 0.282 0.517 -0.517182  -1.32675  -1.98615  -1.39949   -1.5708   2.08798
-0.161 -0.081 0.427   1.11668 -0.629851  -2.49847  -1.58407   -1.5708  0.454119
-0.31 0.35 0.497 -0.610303  -1.52473  -1.87203  -1.31563   -1.5708    2.1811
-0.385 0.302 0.442 -0.440206  -1.62151  -1.92331  -1.16757   -1.5708     2.011
0.426 -0.07 0.412 -3.04885 -1.51552 -2.11378 -1.08309  -1.5708  4.61965
0.023 0.425 0.589 -1.36552 -1.39217  -1.7512 -1.56902  -1.5708  2.93631
-0.102 0.301 0.465 -0.893492  -1.14045  -2.23975  -1.33219   -1.5708   2.46429
0.101 0.311 0.327  -1.54448  -1.38588  -2.48788 -0.838625   -1.5708   3.11527
0.025 0.109 0.395 -0.444838 -0.117778  -2.56534  -2.02927   -1.5708   2.01563
-0.196 0.272 0.36 -0.614775  -1.33535  -2.41632 -0.960715   -1.5708   2.18557
-0.196 0.319 0.407 -0.724014  -1.37059  -2.25053  -1.09126   -1.5708   2.29481
-0.379 0.09 0.55 0.0508566  -1.30486  -1.91718  -1.49036   -1.5708   1.51994
-0.216 0.083 0.599 0.124352 -0.88221 -2.00323 -1.82695  -1.5708  1.44644
0.241 0.176 0.487 -2.13638 -1.06738 -2.21936 -1.42565  -1.5708  3.70718
0.129 0.199 0.321  -1.66766  -1.05885  -2.68116 -0.972371   -1.5708   3.23845
-0.499 -0.066 0.595 0.350087 -1.58132 -1.56393 -1.56714  -1.5708  1.22071
-0.086 0.281 0.535 -0.893252  -1.04301  -2.10783  -1.56155   -1.5708   2.46405
-0.19 0.44 0.591 -0.933407  -1.52327  -1.63102   -1.5581   -1.5708    2.5042
0.029 0.424 0.502 -1.37935 -1.41521 -1.95613 -1.34106  -1.5708  2.95014
0.177 0.075 0.355  -2.13698 -0.734839  -2.66825   -1.3093   -1.5708   3.70777
-0.221 0.183 0.357 -0.301384   -1.1789  -2.51933  -1.01416   -1.5708   1.87218
0.108 0.097 0.404  -1.55886 -0.425879  -2.56997  -1.71654   -1.5708   3.12966
-0.386 0.435 0.329 -0.656209  -1.96342  -1.82094 -0.928028   -1.5708   2.22701
-0.132 0.068 0.346  0.350093 -0.430502  -2.71829   -1.5636   -1.5708    1.2207
0.347 0.398 0.52 -2.07963  -1.6578 -1.67579 -1.37879  -1.5708  3.65043
-0.184 -0.063 0.431  0.925741 -0.697658  -2.47833   -1.5364   -1.5708  0.645055
0.037 0.355 0.593 -1.36386 -1.21905 -1.86499 -1.62835  -1.5708  2.93466
-0.158 0.08 0.47   0.19537 -0.626387  -2.38894  -1.69706   -1.5708   1.37543
-0.491 0.283 0.543 -0.329056   -1.7412  -1.52128  -1.44991   -1.5708   1.89985
0.109 0.153 0.458  -1.56982 -0.669189  -2.41401  -1.62919   -1.5708   3.14061
-0.042 0.3 0.494 -1.06309 -1.07854 -2.19601 -1.43784  -1.5708  2.63389
-0.323 0.246 0.559 -0.378707  -1.34554  -1.86423  -1.50262   -1.5708    1.9495
0.203 0.391 0.532 -1.79931 -1.44023  -1.8571 -1.41506  -1.5708  3.37011
0.381 -0.057 0.486 -3.00283 -1.32066 -2.07143  -1.3203  -1.5708  4.57363
-0.421 -0.1 0.492 0.488208 -1.44106 -1.96066 -1.31067  -1.5708  1.08259
0.177 -0.071 0.509 -2.91372 -0.69926 -2.27847 -1.73466  -1.5708  4.48452
0.476 -0.019 0.379  -2.95031  -1.66806  -2.05502 -0.989309   -1.5708   4.52111
-0.146 0.044 0.475 0.505058 -0.51812 -2.38394 -1.81033  -1.5708  1.06574
-0.136 0.197 0.328 -0.493121  -1.04965  -2.66306 -0.999678   -1.5708   2.06392
-0.131 -0.066 0.407   1.30589 -0.437542  -2.56218  -1.71267   -1.5708  0.264907
-0.307 0.247 0.565 -0.396834  -1.31411   -1.8722  -1.52608   -1.5708   1.96763
-0.365 0.286 0.519 -0.42702 -1.50323 -1.83463 -1.37454  -1.5708  1.99782
0.134 0.454 0.588 -1.62512 -1.50907 -1.65203 -1.55129  -1.5708  3.19592
0.202 0.397 0.598 -1.79391 -1.44099 -1.68755 -1.58384  -1.5708  3.36471
0.359 0.121 0.316  -2.52425  -1.55633  -2.38173 -0.774333   -1.5708   4.09504
0.112 -0.066 0.491  -2.67752 -0.420176  -2.33955  -1.95267   -1.5708   4.24832
0.279 0.321 0.38  -2.02676  -1.54538  -2.18036 -0.986649   -1.5708   3.59756
0.2 0.309 0.517 -1.84417 -1.25758 -2.03443 -1.42037  -1.5708  3.41496
0.003 0.304 0.527 -1.21344 -1.07351 -2.11394 -1.52493  -1.5708  2.78423
0.273 0.024 0.444 -2.64426 -1.01121  -2.3557 -1.34548  -1.5708  4.21506
0.183 0.176 0.506  -1.93132 -0.919496  -2.23092  -1.56198   -1.5708   3.50211
0.04 0.216 0.39  -1.23391 -0.839302  -2.55411  -1.31898   -1.5708   2.80471
-0.27 0.377 0.335 -0.711681  -1.71219  -2.14458 -0.855621   -1.5708   2.28248
-0.164 0.015 0.439  0.633318 -0.555208  -2.47522  -1.68196   -1.5708  0.937478
0.131 0.239 0.413 -1.66015 -1.03463 -2.42812 -1.24964  -1.5708  3.23095
0.469 0.48 0.558 -2.18123 -1.99584 -1.14739 -1.56916  -1.5708  3.75203
0.183 0.103 0.547  -2.08236 -0.786124  -2.16359  -1.76267   -1.5708   3.65316
-0.214 0.151 0.534 -0.184617 -0.946516  -2.14993  -1.61594   -1.5708   1.75541
-0.478 0.062 0.525 0.0994448   -1.5452  -1.77924  -1.38796   -1.5708   1.47135
-0.1 0.491 0.493 -1.15029 -1.60835 -1.79937 -1.30467  -1.5708  2.72108
0.076 0.341 0.336  -1.47234  -1.42971  -2.42374 -0.858931   -1.5708   3.04314
-0.383 0.237 0.398 -0.309349  -1.58014  -2.09188  -1.04037   -1.5708   1.88015
0.436 0.288 0.576  -2.3474 -1.62872 -1.56324 -1.52043  -1.5708   3.9182
-0.005 0.393 0.494 -1.27666 -1.33651 -2.03881 -1.33707  -1.5708  2.84746
-0.457 0.322 0.539 -0.417298  -1.72413  -1.55163  -1.43662   -1.5708   1.98809
0.324 0.448 0.525 -1.99821 -1.71454  -1.5989 -1.39895  -1.5708    3.569
0.416 0.285 0.512 -2.32276 -1.60505 -1.75291 -1.35443  -1.5708  3.89355
0.387 0.471 0.508 -2.07858 -1.85555 -1.46895 -1.38789  -1.5708  3.64938
0.136 0.104 0.45  -1.79745 -0.591516  -2.44394  -1.67693   -1.5708   3.36825
0.261 0.268 0.419 -2.04688 -1.35373 -2.22902 -1.12964  -1.5708  3.61768
0.213 0.152 0.427  -2.09151 -0.979818  -2.41265  -1.31992   -1.5708   3.66231
-0.194 0.03 0.306  0.436166 -0.867499  -2.77862  -1.06627   -1.5708   1.13463
0.161 -0.045 0.49   -2.7027 -0.594982  -2.34036  -1.77705   -1.5708    4.2735
0.185 0.146 0.55  -1.99194 -0.869217  -2.13449  -1.70869   -1.5708   3.56273
-0.315 0.376 0.309 -0.649046  -1.81685  -2.10044 -0.795101   -1.5708   2.21984
0.175 -0.016 0.463  -2.56259 -0.617431  -2.40793  -1.68703   -1.5708   4.13339
-0.017 0.17 0.348 -0.778096 -0.602552  -2.70378  -1.40606   -1.5708   2.34889
0.158 0.267 0.517 -1.74562 -1.09365 -2.12959 -1.48915  -1.5708  3.31642
-0.301 0.498 0.336 -0.838442  -1.95402  -1.81298 -0.945394   -1.5708   2.40924
0.282 0.165 0.353  -2.27158  -1.32343  -2.44637 -0.942591   -1.5708   3.84237
-0.278 0.435 0.436 -0.789097  -1.69026  -1.86432  -1.15781   -1.5708   2.35989
0.219 0.071 0.452  -2.33413 -0.843866  -2.39226  -1.47626   -1.5708   3.90493
0.267 0.417 0.366  -1.91805  -1.72937  -2.02353 -0.959491   -1.5708   3.48885
0.177 0.084 0.534  -2.10758 -0.731608   -2.2082  -1.77258   -1.5708   3.67838
0.29 0.067 0.389 -2.53906 -1.15835 -2.43666 -1.11738  -1.5708  4.10986
-0.466 0.399 0.424 -0.529224  -1.91975  -1.60555  -1.18709   -1.5708   2.10002
0.376 0.436 0.558  -2.0917 -1.75924  -1.4613 -1.49185  -1.5708   3.6625
0.192 0.279 0.374  -1.8454 -1.31886  -2.3848 -1.00874  -1.5708   3.4162
-0.369 0.087 0.499 0.0604953  -1.29614  -2.05483  -1.36142   -1.5708    1.5103
-0.327 0.298 0.346 -0.489745  -1.64442  -2.18594 -0.882032   -1.5708   2.06054
0.428 0.065 0.448 -2.73599 -1.47761 -2.04706 -1.18772  -1.5708  4.30679
0.239 0.264 0.591 -1.99502 -1.21669 -1.87157 -1.62413  -1.5708  3.56581
0.159 0.059 0.578 -2.08708  -0.6773 -2.09879  -1.9363  -1.5708  3.65788
0.343 0.368 0.477 -2.10234 -1.62405  -1.8254 -1.26294  -1.5708  3.67313
-0.056 0.118 0.516 -0.138344 -0.454228  -2.27261  -1.98555   -1.5708   1.70914
0.437 0.265 0.511 -2.38125 -1.62183 -1.73795 -1.35261  -1.5708  3.95204
-0.083 0.13 0.351 -0.216369 -0.476685  -2.70434  -1.53136   -1.5708   1.78717
-0.125 0.058 0.545  0.479784 -0.523224  -2.19492  -1.99425   -1.5708   1.09101
0.168 0 0.36   -2.4344 -0.573893  -2.67548  -1.46302   -1.5708    4.0052
-0.322 0.145 0.531 -0.108884  -1.21219  -2.02752  -1.47268   -1.5708   1.67968
0.073 0.365 0.558 -1.47058 -1.25838 -1.92883 -1.52518  -1.5708  3.04138
0.117 0.244 0.54  -1.60273 -0.973801   -2.1243  -1.61429   -1.5708   3.17353
0.396 0.019 0.524 -2.81473 -1.33059 -1.96523 -1.41657  -1.5708  4.38553
0.48 -0.08 0.533 -3.08051  -1.5531 -1.75082 -1.40847  -1.5708  4.65131
0.408 0.214 0.544 -2.41934 -1.48604 -1.78577 -1.44058  -1.5708  3.99014
0.355 0.416 0.515 -2.07631 -1.70471 -1.63617 -1.37151  -1.5708   3.6471
0.04 0.34 0.368  -1.36341  -1.34119  -2.38756 -0.983638   -1.5708   2.93421
0.483 0.066 0.561 -2.77997 -1.54681 -1.68499 -1.48059  -1.5708  4.35077
0.253 0.129 0.492 -2.27557 -1.01976 -2.22796 -1.46467  -1.5708  3.84637
0.465 0.407 0.39 -2.24505 -1.96236 -1.63967 -1.11036  -1.5708  3.81585
-0.297 0.295 0.543 -0.518227  -1.38123  -1.87751  -1.45365   -1.5708   2.08902
0.325 0.221 0.413   -2.263 -1.41365 -2.19959 -1.09914  -1.5708  3.83379
-0.452 -0.076 0.377  0.407033  -1.62943  -2.10369 -0.979274   -1.5708   1.16376
-0.378 0.405 0.363 -0.621546  -1.85945  -1.86493  -0.98801   -1.5708   2.19234
0.415 0.237 0.394 -2.39228 -1.65053 -2.02939 -1.03246  -1.5708  3.96308
-0.425 0.35 0.393 -0.489352  -1.81402    -1.836  -1.06237   -1.5708   2.06015
0.485 0.163 0.405 -2.60239 -1.71362 -1.92529 -1.07348  -1.5708  4.17319
0.409 0.216 0.584 -2.41747 -1.48296 -1.68622 -1.54321  -1.5708  3.98827
0.112 0.277 0.453 -1.58106 -1.08859 -2.29762 -1.32618  -1.5708  3.15186
0.313 -0.081 0.536 -3.05046 -1.12803 -2.06324 -1.52112  -1.5708  4.62125
0.038 0.367 0.346 -1.37365   -1.462 -2.36387 -0.88652  -1.5708  2.94444
0.008 0.239 0.43  -1.13027 -0.889936  -2.43547  -1.38698   -1.5708   2.70106
0.22 0.004 0.386  -2.60436 -0.845418  -2.56311  -1.30387   -1.5708   4.17516
-0.427 0.044 0.563 0.154415 -1.40347 -1.80835 -1.50057  -1.5708  1.41638
-0.274 0.147 0.431 -0.133746  -1.14837   -2.3259  -1.23811   -1.5708   1.70454
-0.317 0.118 0.397 -0.027778  -1.27909  -2.34357  -1.08973   -1.5708   1.59857
-0.288 0.174 0.551 -0.213115  -1.16321  -2.00552  -1.54366   -1.5708   1.78391
0.084 0.343 0.377 -1.49673  -1.3568 -2.34903 -1.00656  -1.5708  3.06753
-0.314 0.177 0.326  -0.20565  -1.48427  -2.41255 -0.815568   -1.5708   1.77645
-0.343 0.368 0.355 -0.601835  -1.76334   -2.0162 -0.932845   -1.5708   2.17263
-0.411 0.005 0.459 0.256612 -1.41072 -2.07416 -1.22751  -1.5708  1.31418
-0.326 -0.056 0.581 0.506404 -1.14887 -1.93709 -1.62643  -1.5708  1.06439
-0.2 -0.066 0.31 0.863562 -0.94791 -2.74853 -1.01595  -1.5708 0.707234
-0.355 -0.053 0.393 0.457189 -1.34713 -2.30852 -1.05675  -1.5708  1.11361
0.154 0.274 0.325  -1.72818  -1.35148  -2.51908 -0.841824   -1.5708   3.29898
0.141 0.488 0.419  -1.6355 -1.68906 -1.91354 -1.10979  -1.5708   3.2063
0.307 0.241 0.585 -2.19261 -1.30372 -1.82867    -1.58  -1.5708  3.76341
0.152 0.195 0.488  -1.77567 -0.898357  -2.28388  -1.53015   -1.5708   3.34646
0.423 0.18 0.553 -2.49955   -1.481 -1.76722 -1.46417  -1.5708  4.07034
-0.212 -0.039 0.496  0.712888 -0.786139  -2.29475   -1.6315   -1.5708  0.857908
0.296 0.394 0.52 -1.99177 -1.57358 -1.76419 -1.37462  -1.5708  3.56256
0.117 0.495 0.443 -1.58663 -1.66587 -1.87238 -1.17414  -1.5708  3.15742
0.368 -0.067 0.46 -3.02557 -1.30984 -2.14822 -1.25433  -1.5708  4.59637
0.181 0.102 0.48  -2.07528 -0.754269  -2.34264  -1.61548   -1.5708   3.64607
0.421 -0.019 0.568 -2.92471 -1.38313 -1.81201 -1.51724  -1.5708   4.4955
0.038 0.474 0.405 -1.41919  -1.6306 -2.01869  -1.0631  -1.5708  2.98999
-0.134 0.483 0.428 -1.08065 -1.66379 -1.91653 -1.13207  -1.5708  2.65145
0.484 0.444 0.543 -2.23231 -1.96026 -1.23651 -1.51562  -1.5708  3.80311
0.358 0.157 0.391 -2.44532  -1.4395 -2.24249 -1.03041  -1.5708  4.01612
-0.306 0.181 0.486 -0.222096  -1.23826  -2.12745  -1.34667   -1.5708   1.79289
0.178 0.03 0.599  -2.32527 -0.732466  -2.03503  -1.94489   -1.5708   3.89606
0.115 0.142 0.548 -1.61135 -0.69558 -2.17717 -1.83964  -1.5708  3.18215
-0.023 0.36 0.354   -1.1996  -1.42255  -2.37037 -0.919473   -1.5708   2.77039
-0.151 0.208 0.443 -0.504276 -0.950315  -2.38169  -1.38038   -1.5708   2.07507
0.215 -0.048 0.469  -2.84287 -0.802072  -2.35979  -1.55053   -1.5708   4.41366
0.325 0.311 0.371  -2.13311  -1.61884  -2.13356 -0.959983   -1.5708   3.70391
-0.078 0.32 0.594 -0.993931  -1.14751  -1.90461  -1.66027   -1.5708   2.56473
-0.281 -0.088 0.584 0.683236  -1.0513 -1.97888 -1.68221  -1.5708  0.88756
-0.116 0.156 0.484 -0.335256 -0.703084  -2.34213  -1.66718   -1.5708   1.90605
-0.238 0.378 0.569 -0.76202 -1.44574 -1.75744 -1.50922  -1.5708  2.33282
-0.354 0.407 0.459 -0.651174  -1.72297  -1.76332   -1.2261   -1.5708   2.22197
-0.384 0.016 0.557 0.246319 -1.29012  -1.9097 -1.51257  -1.5708  1.32448
0.25 0.13 0.316  -2.26431  -1.26513  -2.60366 -0.843603   -1.5708    3.8351
-0.401 0.035 0.465 0.187541   -1.383  -2.0802 -1.24919  -1.5708  1.38326
-0.124 0.205 0.389 -0.553775 -0.931126  -2.53059  -1.25068   -1.5708   2.12457
0.441 0.261 0.483 -2.39256 -1.64199 -1.79018 -1.28021  -1.5708  3.96335
0.369 -0.033 0.443 -2.93172 -1.31596 -2.18987 -1.20656  -1.5708  4.50252
0.445 0.248 0.5 -2.41723   -1.624 -1.76447 -1.32392  -1.5708  3.98803
0.079 0.102 0.556  -1.22126 -0.497475  -2.16241  -2.05251   -1.5708   2.79206
0.434 0.094 0.458 -2.67995 -1.49625 -2.00289 -1.21325  -1.5708  4.25075
0.237 0.064 0.557  -2.41709 -0.901952  -2.10639  -1.70404   -1.5708   3.98789
0.311 0.145 0.336   -2.3816  -1.41177  -2.43785 -0.862762   -1.5708    3.9524
-0.26 0.408 0.393 -0.775865  -1.66546  -2.01579  -1.03113   -1.5708   2.34666
-0.089 0.146 0.383 -0.331006 -0.583732  -2.61575  -1.51291   -1.5708    1.9018
-0.197 0.381 0.308 -0.836286  -1.69119  -2.26515 -0.756048   -1.5708   2.40708
-0.397 0.454 0.448 -0.670293  -1.87663  -1.59936   -1.2364   -1.5708   2.24109
-0.365 0.062 0.481 0.131008 -1.28284 -2.11116 -1.31839  -1.5708  1.43979
0.198 0.178 0.413 -1.98693 -1.01094 -2.43775  -1.2637  -1.5708  3.55773
-0.171 0.304 0.317 -0.740124  -1.47516  -2.45239 -0.784842   -1.5708   2.31092
-0.123 -0.064 0.54    2.7151 -0.138947  -2.09266  -2.48078   -1.5708   -1.1443
0.359 0.305 0.569 -2.20351 -1.50545 -1.70388 -1.50305  -1.5708  3.77431
-0.276 0.488 0.301 -0.860136  -1.96665  -1.90841 -0.837326   -1.5708   2.43093
-0.444 -0.097 0.406 0.457629 -1.57928 -2.06927 -1.06384  -1.5708  1.11317
0.453 0.337 0.537 -2.30744 -1.73798 -1.54051 -1.43389  -1.5708  3.87824
-0.409 0.215 0.372 -0.245499  -1.64576  -2.10135 -0.965274   -1.5708    1.8163
-0.103 0.203 0.54 -0.601179  -0.84001  -2.16846  -1.70392   -1.5708   2.17198
-0.469 0.49 0.32 -0.645667   -2.1682   -1.5169  -1.02729   -1.5708   2.21646
-0.27 0.042 0.361 0.256604 -1.11832 -2.53679 -1.05728  -1.5708  1.31419
0.433 0.019 0.5 -2.84316 -1.43784 -1.94236 -1.33219  -1.5708  4.41396
-0.198 0.42 0.543 -0.892976  -1.49523  -1.77995   -1.4372   -1.5708   2.46377
-0.464 0.415 0.515 -0.553462  -1.88344  -1.41394  -1.41502   -1.5708   2.12426
-0.463 -0.065 0.549 0.375107 -1.50128 -1.75897 -1.45214  -1.5708  1.19569
0.123 0.319 0.33  -1.61386  -1.42261  -2.44974 -0.840037   -1.5708   3.18466
-0.041 0.244 0.313 -0.947437  -1.13281    -2.678 -0.901577   -1.5708   2.51823
0.3 0.115 0.469 -2.42891 -1.14838 -2.22499 -1.33902  -1.5708   3.9997
0.171 0.32 0.4   -1.756 -1.34773  -2.2877 -1.07696  -1.5708  3.32679
-0.083 0.098 0.559  0.147719 -0.498665  -2.15385  -2.05987   -1.5708   1.42308
0.414 0.383 0.461 -2.20031 -1.77779 -1.69186 -1.24273  -1.5708  3.77111
-0.459 0.373 0.447 -0.496786   -1.8511  -1.63607  -1.22522   -1.5708   2.06758
0.14 0.446 0.534 -1.63928 -1.50604 -1.79317 -1.41318  -1.5708  3.21008
0.315 0.347 0.412 -2.07283 -1.60564 -2.02479 -1.08196  -1.5708  3.64363
0.271 0.425 0.338  -1.92016  -1.79277  -2.03339 -0.886236   -1.5708   3.49096
0.017 0.252 0.591  -1.19127 -0.937526  -2.00661  -1.76825   -1.5708   2.76207
-0.107 0.335 0.526 -0.946049  -1.20951  -2.04198  -1.46089   -1.5708   2.51685
0.13 0.121 0.508 -1.73017  -0.6489 -2.28806 -1.77543  -1.5708  3.30096
0.165 0.476 0.552 -1.68608  -1.5883 -1.66671 -1.45738  -1.5708  3.25688
-0.429 0.38 0.576 -0.533277  -1.75045  -1.42587  -1.53607   -1.5708   2.10407
-0.342 0.452 0.407 -0.72928 -1.83365 -1.77001 -1.10874  -1.5708  2.30008
-0.357 0.34 0.582 -0.537763  -1.55699  -1.62137  -1.53403   -1.5708   2.10856
-0.083 0.371 0.392 -1.05949 -1.40874 -2.26461 -1.03904  -1.5708  2.63029
0.002 0.335 0.558 -1.24489 -1.15886 -1.99014 -1.56339  -1.5708  2.81569
-0.322 -0.021 0.441 0.410189  -1.1758 -2.28403 -1.25256  -1.5708  1.16061
0.431 -0.028 0.436 -2.95098 -1.48753 -2.07139 -1.15347  -1.5708  4.52178
-0.225 0.473 0.398 -0.916863  -1.74923  -1.90302  -1.06014   -1.5708   2.48766
-0.492 0.206 0.511 -0.19043 -1.67478 -1.68045 -1.35716  -1.5708  1.76123
0.198 0.419 0.559 -1.77449  -1.4887 -1.74487 -1.47882  -1.5708  3.34528
-0.424 0.418 0.479 -0.593907  -1.83752  -1.56827   -1.3066   -1.5708    2.1647
0.302 0.293 0.588 -2.10892 -1.38017 -1.76336 -1.56886  -1.5708  3.67971
-0.3 0.216 0.523 -0.32429 -1.25967  -2.0176 -1.43512  -1.5708  1.89509
0.119 0.497 0.465 -1.59057 -1.65216 -1.82738 -1.23284  -1.5708  3.16137
-0.191 0.332 0.409 -0.759759  -1.39178  -2.22848  -1.09213   -1.5708   2.33056
0.267 -0.056 0.524  -2.93671 -0.979595  -2.16282  -1.56997   -1.5708   4.50751
-0.102 0.463 0.454 -1.12165 -1.57374 -1.93953 -1.19912  -1.5708  2.69245
-0.279 0.244 0.46 -0.419657  -1.30031  -2.15489  -1.25719   -1.5708   1.99045
-0.303 0.5 0.319  -0.83818  -1.98422  -1.82111 -0.907054   -1.5708   2.40898
0.477 0.433 0.511 -2.23426 -1.93707 -1.35105 -1.42427  -1.5708  3.80505
-0.499 -0.059 0.366   0.33666  -1.74539    -2.004 -0.963001   -1.5708   1.23414
-0.243 0.376 0.388 -0.750753  -1.58778  -2.11393  -1.01068   -1.5708   2.32155
-0.053 0.25 0.339 -0.920598  -1.09482  -2.61238  -1.00519   -1.5708   2.49139
0.21 0.41 0.455 -1.80493 -1.54009  -1.9699  -1.2024  -1.5708  3.37573
-0.266 0.49 0.533 -0.876412  -1.72256  -1.56892  -1.42091   -1.5708   2.44721
0.406 0.208 0.531 -2.42653 -1.47946 -1.82522 -1.40771  -1.5708  3.99732
-0.392 0.129 0.474 -0.0502436    -1.4024   -2.04061   -1.26938    -1.5708    1.62104
-0.333 0.33 0.369 -0.545897   -1.6659  -2.08828 -0.958209   -1.5708   2.11669
-0.315 0.425 0.589 -0.725144  -1.64328  -1.51449  -1.55462   -1.5708   2.29594
-0.422 0.302 0.588 -0.409226  -1.61905  -1.54284  -1.55049   -1.5708   1.98002
0.314 0.489 0.325 -1.95267 -1.96843  -1.8261 -0.91786  -1.5708  3.52347
0.016 0.21 0.401  -1.10202 -0.786268  -2.53796  -1.38816   -1.5708   2.67282
-0.074 0.115 0.329 -0.0747803  -0.317698   -2.76068   -1.63401    -1.5708    1.64558
0.198 0.2 0.494 -1.95288 -1.01097 -2.22658 -1.47484  -1.5708  3.52368
-0.481 0.068 0.316 0.0861825  -1.79404  -2.10644 -0.811912   -1.5708   1.48461
-0.331 0.332 0.369 -0.551928  -1.66589  -2.08829 -0.958208   -1.5708   2.12272
0.241 0.212 0.585 -2.07315 -1.12337  -1.9407 -1.64832  -1.5708  3.64394
0.34 0.413 0.419 -2.05407 -1.75024 -1.84141 -1.12074  -1.5708  3.62487
-0.33 -0.082 0.394 0.570333 -1.28919 -2.34563 -1.07757  -1.5708  1.00046
-0.498 0.056 0.377  0.107584  -1.72656  -1.99306 -0.992772   -1.5708   1.46321
0.469 0.4 0.358 -2.25742 -1.99526 -1.68358 -1.03355  -1.5708  3.82821
0.233 0.108 0.326  -2.26857  -1.13505  -2.63545 -0.941893   -1.5708   3.83937
-0.102 0.151 0.378 -0.334461 -0.652985  -2.62072  -1.43868   -1.5708   1.90526
0.439 -0.035 0.521 -2.97069 -1.44441 -1.88196 -1.38601  -1.5708  4.54149
0.177 0.207 0.596  -1.86588 -0.994983  -1.97218  -1.74522   -1.5708   3.43668
-0.448 -0.099 0.474 0.457689 -1.51938 -1.93821  -1.2548  -1.5708  1.11311
0.124 0.464 0.408 -1.60267 -1.63798   -2.002 -1.07241  -1.5708  3.17346
0.32 0.094 0.384 -2.52247  -1.2853 -2.37733 -1.04975  -1.5708  4.09327
0.274 0.101 0.486 -2.40536 -1.04757  -2.2311 -1.43372  -1.5708  3.97616
-0.059 0.343 0.458 -1.08145 -1.23717 -2.20204 -1.27318  -1.5708  2.65225
0.382 0.254 0.578 -2.31456  -1.4742 -1.70942 -1.52878  -1.5708  3.88536
0.023 0.457 0.42 -1.38022 -1.56939 -2.03882 -1.10419  -1.5708  2.95102
-0.205 0.066 0.575   0.22002 -0.819565  -2.08284  -1.80999   -1.5708   1.35078
0.445 0.266 0.583 -2.39071 -1.61819  -1.5565 -1.53769  -1.5708   3.9615
-0.243 0.259 0.475 -0.504867  -1.24449  -2.15234  -1.31556   -1.5708   2.07566
-0.292 0.475 0.564 -0.82258 -1.71457 -1.49866 -1.49916  -1.5708  2.39338
-0.347 0.429 0.557 -0.691546  -1.70201    -1.531  -1.47939   -1.5708   2.26234
0.081 0.209 0.393  -1.43193 -0.857046   -2.5416  -1.31375   -1.5708   3.00273
-0.041 0.143 0.379 -0.467786 -0.438032  -2.63397  -1.64038   -1.5708   2.03858
0.289 0.208 0.529 -2.20619 -1.22074 -2.02732 -1.46432  -1.5708  3.77699
0.016 0.432 0.488 -1.35257 -1.44268 -1.96984 -1.29987  -1.5708  2.92336
0.459 0.134 0.343  -2.62725  -1.72932  -2.09716 -0.885914   -1.5708   4.19804
0.019 0.203 0.334  -1.0992 -0.84229 -2.70438 -1.16572  -1.5708     2.67
-0.396 0.21 0.369 -0.241612  -1.61831  -2.14036 -0.953712   -1.5708   1.81241
-0.367 0.499 0.327 -0.759523  -2.04114  -1.70612 -0.965136   -1.5708   2.33032
0.451 0.004 0.459 -2.88829 -1.51269 -1.98499 -1.21471  -1.5708  4.45909
0.143 0.078 0.526  -1.90792 -0.605426  -2.24483  -1.86214   -1.5708   3.47872
0.382 0.322 0.451 -2.22097 -1.63728 -1.88165 -1.19347  -1.5708  3.79176
0.395 0.121 0.587 -2.57695 -1.36112 -1.78086 -1.57041  -1.5708  4.14775
0.119 0.375 0.524 -1.59696 -1.32264 -1.97107 -1.41867  -1.5708  3.16775
0.172 -0.036 0.524  -2.67773 -0.652676  -2.24578  -1.81393   -1.5708   4.24852
0.293 -0.047 0.568 -2.92398 -1.05391 -2.01864 -1.63984  -1.5708  4.49478
-0.026 0.14 0.496 -0.513745 -0.489471  -2.32854  -1.89438   -1.5708   2.08454
0.195 0.415 0.475 -1.76971 -1.51791 -1.93691 -1.25756  -1.5708   3.3405
0.033 0.41 0.368  -1.38253  -1.53038  -2.23184 -0.950168   -1.5708   2.95333
-0.008 0.237 0.593  -1.05874 -0.894798  -2.01527  -1.80232   -1.5708   2.62953
-0.078 0.299 0.558 -0.954589  -1.08702  -2.02828  -1.59709   -1.5708   2.52539
0.487 0.021 0.54 -2.87266 -1.55256 -1.73329 -1.42654  -1.5708  4.44346
-0.423 0.45 0.423 -0.638652  -1.92977  -1.59423  -1.18839   -1.5708   2.20945
0.223 0.042 0.346  -2.45363 -0.943668  -2.64502   -1.1237   -1.5708   4.02443
-0.054 0.24 0.318  -0.88976  -1.11034  -2.67108 -0.930971   -1.5708   2.46056
0.331 0.226 0.453  -2.2667 -1.38922 -2.10773 -1.21544  -1.5708   3.8375
-0.258 0.045 0.515  0.257208 -0.945313  -2.19882  -1.56825   -1.5708   1.31359
-0.466 0.117 0.552 -0.0168108   -1.53194   -1.72241   -1.45803    -1.5708    1.58761
0.32 0.393 0.506 -2.03709 -1.61431 -1.75894 -1.33914  -1.5708  3.60789
-0.101 0.185 0.355 -0.526734 -0.841378  -2.64702  -1.22399   -1.5708   2.09753
-0.366 0.036 0.495 0.203286 -1.26726 -2.08502 -1.36011  -1.5708  1.36751
0.186 0.364 0.537  -1.7729 -1.35792 -1.91114 -1.44332  -1.5708  3.34369
-0.354 0.021 0.52 0.253619 -1.21955 -2.05117 -1.44167  -1.5708  1.31718
0.177 0.085 0.537 -2.10446 -0.73487 -2.19981 -1.77771  -1.5708  3.67525
0.24 0.313 0.369  -1.94455  -1.48529  -2.27004 -0.957062   -1.5708   3.51535
-0.498 0.262 0.381 -0.289105  -1.85467  -1.81738  -1.04034   -1.5708    1.8599
0.04 0.385 0.303  -1.38845  -1.60868    -2.377 -0.726709   -1.5708   2.95925
-0.25 0.113 0.476 -0.0153474   -0.99399   -2.27978   -1.43861    -1.5708    1.58614
-0.231 0.396 0.469 -0.802329   -1.5225   -1.9487  -1.24118   -1.5708   2.37313
0.289 0.225 0.465 -2.17746 -1.28374 -2.15292 -1.27573  -1.5708  3.74826
-0.172 -0.066 0.379   1.00052 -0.664006  -2.61666  -1.43172   -1.5708  0.570278
-0.309 0.281 0.586 -0.473571  -1.37245  -1.77456  -1.56538   -1.5708   2.04437
0.121 0.458 0.552 -1.59659 -1.51553 -1.73799 -1.45887  -1.5708  3.16738
0.481 0.191 0.488  -2.5511 -1.65064 -1.76751 -1.29423  -1.5708  4.12189
-0.221 0.279 0.331 -0.589193  -1.45991  -2.41603 -0.836445   -1.5708   2.15999
-0.417 -0.1 0.423 0.492729 -1.49456 -2.10159 -1.11624  -1.5708  1.07807
-0.211 -0.017 0.501 0.622135 -0.77321 -2.28491 -1.65427  -1.5708 0.948661
0.201 0.409 0.457 -1.78571 -1.52613 -1.97779 -1.20846  -1.5708  3.35651
0.229 0.398 0.52 -1.85291  -1.4916 -1.84271 -1.37808  -1.5708   3.4237
0.343 0.178 0.527 -2.37655 -1.30309 -1.97743 -1.43186  -1.5708  3.94735
0.083 0.192 0.47  -1.42984 -0.758766   -2.3672  -1.58642   -1.5708   3.00064
-0.003 0.398 0.36  -1.28546  -1.51091  -2.27529 -0.926189   -1.5708   2.85626
-0.37 0.26 0.452 -0.368764  -1.52211  -1.99526  -1.19502   -1.5708   1.93956
-0.458 -0.035 0.548 0.316189 -1.48144 -1.77965 -1.45129  -1.5708  1.25461
0.25 0.202 0.448  -2.1155 -1.16527 -2.27118 -1.27594  -1.5708   3.6863
-0.256 -0.046 0.591  0.610846 -0.958692  -1.99907  -1.75463   -1.5708  0.959951
-0.2 0.164 0.441 -0.251156 -0.957611  -2.38425  -1.37053   -1.5708   1.82195
-0.441 0.188 0.335  -0.17328  -1.74597  -2.10318 -0.863238   -1.5708   1.74408
-0.405 0.378 0.578 -0.552608  -1.70415  -1.47489  -1.53335   -1.5708    2.1234
-0.388 0.261 0.55 -0.356563  -1.50118  -1.75649  -1.45472   -1.5708   1.92736
0.488 0.325 0.598 -2.36681 -1.78255 -1.33091 -1.59893  -1.5708  3.93761
-0.188 0.217 0.503 -0.466905  -1.02661  -2.19683  -1.48895   -1.5708    2.0377
-0.411 0.341 0.379 -0.486746  -1.79571  -1.90107  -1.01561   -1.5708   2.05754
0.113 0.06 0.508  -1.63152 -0.429977  -2.29319  -1.98922   -1.5708   3.20232
-0.396 0.146 0.362 -0.0916369   -1.56746   -2.21479  -0.930139    -1.5708    1.66243
0.17 0.25 0.317  -1.79859  -1.33459  -2.55799 -0.819802   -1.5708   3.36939
0.207 0.241 0.571 -1.92973 -1.11229 -1.98228 -1.61782  -1.5708  3.50053
-0.179 0.382 0.454 -0.870881  -1.44353  -2.06036   -1.2085   -1.5708   2.44168
-0.243 0.177 0.38 -0.257968  -1.18379  -2.44903  -1.07957   -1.5708   1.82876
-0.009 0.438 0.347  -1.29845  -1.63261  -2.19557 -0.884211   -1.5708   2.86925
-0.032 0.5 0.394 -1.28727 -1.70332 -1.96956 -1.03951  -1.5708  2.85806
-0.127 0.462 0.364  -1.07271  -1.69698  -2.06828 -0.947129   -1.5708    2.6435
0.331 0.344 0.426 -2.10626    -1.61 -1.98023 -1.12216  -1.5708  3.67705
0.098 0.317 0.434 -1.53542 -1.21136  -2.2824 -1.21863  -1.5708  3.10622
-0.305 0.401 0.348 -0.702168  -1.77596  -2.02257 -0.913858   -1.5708   2.27296
0.426 0.468 0.469 -2.13591 -1.93027 -1.46989 -1.31223  -1.5708  3.70671
0.043 0.368 0.41 -1.38808 -1.35546 -2.25327 -1.10366  -1.5708  2.95888
0.48 0.203 0.58 -2.53049 -1.62499 -1.55698 -1.53042  -1.5708  4.10129
-0.147 0.458 0.358  -1.03131  -1.71063  -2.07115 -0.930603   -1.5708   2.60211
0.367 -0.095 0.476 -3.10283 -1.31092 -2.10481 -1.29666  -1.5708  4.67363
-0.402 0.33 0.333 -0.475918  -1.83413  -1.99458  -0.88368   -1.5708   2.04671
0.034 0.243 0.433  -1.24881 -0.912583  -2.42054  -1.37926   -1.5708   2.81961
-0.372 0.225 0.393 -0.290192  -1.54905  -2.13757  -1.02577   -1.5708   1.86099
0.415 0.058 0.504 -2.73921 -1.39878 -1.96434 -1.34926  -1.5708  4.31001
-0.45 0.424 0.461 -0.578192  -1.90179   -1.5304   -1.2802   -1.5708   2.14899
-0.131 0.456 0.433 -1.05891 -1.59536 -1.97571 -1.14132  -1.5708  2.62971
0.28 0.177 0.441 -2.24209 -1.20244 -2.26873 -1.24121  -1.5708  3.81289
-0.369 0.425 0.496 -0.660646  -1.75193  -1.63037  -1.33009   -1.5708   2.23144
-0.268 0.318 0.46 -0.604944  -1.42247  -2.06178  -1.22814   -1.5708   2.17574
-0.323 0.237 0.363 -0.357077  -1.51209  -2.26467 -0.935628   -1.5708   1.92787
-0.197 0.292 0.419 -0.662221  -1.29073  -2.27353  -1.14813   -1.5708   2.23302
-0.178 0.434 0.35 -0.946741  -1.69746  -2.11242  -0.90251   -1.5708   2.51754
-0.162 -0.036 0.373  0.936458 -0.554771  -2.64377  -1.51384   -1.5708  0.634338
-0.452 0.327 0.582 -0.429372  -1.71324  -1.45425   -1.5449   -1.5708   2.00017
-0.069 -0.094 0.52   2.86797 -0.180552  -2.19401  -2.33783   -1.5708  -1.29718
-0.26 -0.094 0.473 0.752765 -1.00238 -2.28409 -1.42592  -1.5708 0.818032
0.445 -0.014 0.497 -2.92536 -1.46942 -1.92279 -1.32018  -1.5708  4.49615
-0.231 0.359 0.593 -0.740482  -1.39536  -1.73842  -1.57861   -1.5708   2.31128
0.429 0.141 0.387 -2.57992 -1.59854 -2.10587 -1.00797  -1.5708  4.15071
-0.423 0.136 0.586 -0.0628812   -1.43833   -1.72043   -1.55362    -1.5708    1.63368
0.277 0.451 0.356  -1.91387  -1.81747  -1.94313 -0.951786   -1.5708   3.48466
0.231 0.123 0.392 -2.22209 -1.01942 -2.49117  -1.2018  -1.5708  3.79289
-0.176 0.407 0.453 -0.913937  -1.49927  -2.01376  -1.19935   -1.5708   2.48473
0.239 0.466 0.34 -1.83474 -1.83028 -1.97693 -0.90518  -1.5708  3.40553
-0.148 0.291 0.337 -0.759405  -1.35926  -2.47334 -0.879791   -1.5708    2.3302
0.067 0.164 0.31  -1.29484 -0.711313  -2.79227   -1.2088   -1.5708   2.86563
-0.292 0.234 0.443 -0.379579  -1.32643   -2.1824  -1.20356   -1.5708   1.95038
-0.281 0.49 0.547 -0.855655  -1.73566  -1.51756  -1.45916   -1.5708   2.42645
-0.276 0.361 0.434 -0.675484  -1.54581  -2.02245  -1.14413   -1.5708   2.24628
0.291 -0.007 0.323  -2.78127  -1.27843   -2.5723 -0.861664   -1.5708   4.35207
0.428 0.018 0.584 -2.84192  -1.3991 -1.75832 -1.55496  -1.5708  4.41272
0.494 0.482 0.469 -2.20968 -2.06637 -1.27107 -1.37495  -1.5708  3.78047
0.231 0.083 0.52  -2.33584 -0.892572  -2.20414  -1.61568   -1.5708   3.90663
-0.172 0.491 0.512 -1.02248 -1.64317 -1.71253 -1.35668  -1.5708  2.59327
-0.162 -0.074 0.342   1.08815 -0.660298  -2.71315  -1.33894   -1.5708  0.482643
0.305 0.393 0.431 -2.00957 -1.65184 -1.92129 -1.13926  -1.5708  3.58037
-0.4 0.169 0.428 -0.145665  -1.50236  -2.08033   -1.1297   -1.5708   1.71646
-0.126 0.248 0.439 -0.697498  -1.02966  -2.36112   -1.3216   -1.5708   2.26829
-0.071 0.263 0.499 -0.894866 -0.980743  -2.22615  -1.50549   -1.5708   2.46566
0.163 0.068 0.451  -2.08016 -0.617118  -2.43871  -1.65656   -1.5708   3.65095
-0.149 -0.048 0.512    2.68167 -0.0338401   -2.12592   -2.55263    -1.5708   -1.11087
-0.29 0.213 0.555 -0.325292   -1.2259  -1.95759   -1.5289   -1.5708   1.89609
-0.049 0.381 0.584 -1.15478 -1.28805 -1.84228 -1.58205  -1.5708  2.72557
-0.363 0.181 0.364 -0.190095  -1.52303  -2.25135  -0.93801   -1.5708   1.76089
0.06 0.285 0.377 -1.39415 -1.15574  -2.4723 -1.08434  -1.5708  2.96494
0.03 0.208 0.399  -1.16791 -0.785617  -2.54329  -1.38348   -1.5708   2.73871
0.244 -0.013 0.395  -2.73174 -0.944076  -2.51028  -1.25804   -1.5708   4.30254
-0.336 0.438 0.434 -0.71739 -1.77364 -1.77071 -1.16804  -1.5708  2.28819
-0.13 0.121 0.455  -0.08769 -0.622889  -2.42781  -1.66169   -1.5708   1.65849
-0.11 0.179 0.546 -0.473475 -0.785921  -2.16623  -1.76023   -1.5708   2.04427
-0.428 0.163 0.373 -0.123241  -1.63476  -2.11026 -0.967367   -1.5708   1.69404
-0.471 0.036 0.534 0.156891 -1.51807 -1.78192 -1.41241  -1.5708  1.41391
-0.458 0.194 0.576 -0.179423  -1.56822  -1.62556  -1.51862   -1.5708   1.75022
0.228 0.397 0.382  -1.85138  -1.62066  -2.09779 -0.993938   -1.5708   3.42217
-0.298 0.379 0.453 -0.676104  -1.59395  -1.92176  -1.19669   -1.5708    2.2469
-0.289 0.281 0.309 -0.497158  -1.63122  -2.32997 -0.751202   -1.5708   2.06795
-0.284 0.089 0.575 0.0718202  -1.05775  -1.99895  -1.65569   -1.5708   1.49898
-0.263 0.314 0.492 -0.603813   -1.3815  -2.00963  -1.32126   -1.5708   2.17461
0.489 0.253 0.398 -2.46457 -1.80817 -1.82903 -1.07519  -1.5708  4.03536
0.338 0.383 0.506 -2.07852 -1.62388 -1.74886 -1.33965  -1.5708  3.64932
-0.163 0.496 0.419 -1.04267 -1.72125 -1.87613 -1.11501  -1.5708  2.61347
0.45 0.494 0.365 -2.14554 -2.09613  -1.5055 -1.11076  -1.5708  3.71634
0.162 0.408 0.562 -1.69749 -1.42786 -1.79061 -1.49392  -1.5708  3.26828
-0.056 0.409 0.51 -1.16714 -1.37952  -1.9641 -1.36877  -1.5708  2.73793
0.365 -0.081 0.373  -3.06372  -1.42297  -2.31044 -0.978982   -1.5708   4.63451
0.026 0.347 0.369  -1.32653  -1.35614  -2.37383 -0.982412   -1.5708   2.89732
-0.322 0.01 0.326  0.314608   -1.3736   -2.5002 -0.838596   -1.5708   1.25619
-0.103 0.12 0.488 -0.0997177  -0.554444   -2.34832   -1.80962    -1.5708    1.67051
0.414 0.265 0.448 -2.34829 -1.62103 -1.90724 -1.18412  -1.5708  3.91909
-0.215 0.311 0.427 -0.673059  -1.35506  -2.20559  -1.15174   -1.5708   2.24386
-0.49 -0.046 0.538 0.317243 -1.56463 -1.72654 -1.42122  -1.5708  1.25355
-0.118 0.065 0.419  0.441012 -0.368795  -2.52993  -1.81367   -1.5708   1.12978
0.076 0.2 0.398  -1.39857 -0.804569   -2.5416  -1.36622   -1.5708   2.96937
-0.047 0.222 0.497 -0.860365 -0.827048  -2.28199  -1.60335   -1.5708   2.43116
0.381 -0.082 0.407 -3.06972 -1.41285 -2.21749 -1.08205  -1.5708  4.64051
-0.216 -0.038 0.409  0.695067 -0.820629  -2.50914  -1.38262   -1.5708  0.875729
0.184 0.315 0.481 -1.79561 -1.26768 -2.12138 -1.32332  -1.5708   3.3664
-0.045 0.218 0.395 -0.854742 -0.847817  -2.53877   -1.3258   -1.5708   2.42554
0.32 0.148 0.511 -2.39363  -1.2172 -2.07581 -1.41938  -1.5708  3.96443
0.234 0.436 0.449 -1.84096 -1.62784 -1.89726  -1.1873  -1.5708  3.41175
-0.377 -0.02 0.353  0.346304  -1.47071  -2.33359 -0.908092   -1.5708   1.22449
-0.414 0.07 0.352 0.0954803  -1.58025  -2.23413 -0.898002   -1.5708   1.47532
-0.197 0.391 0.305 -0.852126  -1.71695  -2.24515 -0.750288   -1.5708   2.42292
0.275 0.416 0.511 -1.93424 -1.59218 -1.76879 -1.35142  -1.5708  3.50504
0.321 0.242 0.431 -2.22064 -1.41552  -2.1472 -1.14967  -1.5708  3.79143
-0.035 0.419 0.529 -1.22485 -1.39065 -1.90601 -1.41573  -1.5708  2.79565
0.194 0.258 0.309   -1.8706  -1.42281  -2.52403 -0.765547   -1.5708    3.4414
-0.334 0.123 0.47 -0.0411667   -1.25039   -2.16174   -1.30025    -1.5708    1.61196
0.187 0.207 0.563 -1.90346 -1.00243 -2.05402 -1.65595  -1.5708  3.47425
-0.496 0.13 0.345 -0.0418193   -1.79959   -2.00165  -0.911155    -1.5708    1.61262
0.005 0.493 0.547  -1.3577 -1.56379 -1.70421  -1.4444  -1.5708   2.9285
-0.27 -0.084 0.434 0.697921 -1.05014 -2.36547 -1.29678  -1.5708 0.872875
0.45 0.488 0.514 -2.15053 -1.98402 -1.27688 -1.45149  -1.5708  3.72132
0.418 -0.083 0.474  -3.0786 -1.43729 -2.01167 -1.26342  -1.5708  4.64939
-0.359 0.425 0.512 -0.671907  -1.72838   -1.6165  -1.36751   -1.5708    2.2427
-0.433 0.405 0.327 -0.566842  -1.98867  -1.78861 -0.935113   -1.5708   2.13764
0.382 0.089 0.598 -2.63069 -1.30939 -1.79145 -1.61155  -1.5708  4.20149
0.033 0.256 0.529  -1.26239 -0.934111  -2.16716  -1.61112   -1.5708   2.83318
0.352 0.029 0.566 -2.74521  -1.2076 -1.94096 -1.56382  -1.5708  4.31601
0.314 -0.086 0.374 -3.06704 -1.27781 -2.41176 -1.02282  -1.5708  4.63783
-0.04 0.14 0.504 -0.445005 -0.512576  -2.30708  -1.89273   -1.5708    2.0158
-0.339 -0.088 0.541 0.570907 -1.20206 -2.00814 -1.50218  -1.5708 0.999889
0.215 -0.079 0.527  -2.99702 -0.840284  -2.20175  -1.67035   -1.5708   4.56782
0.239 0.459 0.326  -1.83835  -1.84049  -2.00914 -0.862762   -1.5708   3.40915
0.346 0.161 0.514 -2.41601 -1.29545 -2.01637 -1.40057  -1.5708  3.98681
-0.374 0.297 0.329 -0.440559  -1.75291  -2.11475 -0.844721   -1.5708   2.01136
0.475 0.321 0.438 -2.35574 -1.81781 -1.70397 -1.19062  -1.5708  3.92654
0.098 0.135 0.595  -1.48546 -0.685389  -2.05128  -1.97572   -1.5708   3.05625
-0.426 0.259 0.496 -0.325547  -1.60043  -1.79966  -1.31229   -1.5708   1.89634
-0.168 0.302 0.342 -0.741791    -1.405  -2.42313 -0.884265   -1.5708   2.31259
-0.4 0.39 0.373 -0.576098  -1.85609  -1.83926  -1.01704   -1.5708   2.14689
-0.392 0.108 0.5 0.00293477   -1.36881   -1.99858     -1.345    -1.5708    1.56786
-0.47 0.298 0.309 -0.367663  -1.94553  -1.91376 -0.853094   -1.5708   1.93846
0.403 0.329 0.376 -2.24557 -1.76983 -1.94297 -0.99959  -1.5708  3.81636
0.154 0.007 0.512  -2.30946 -0.557674   -2.2847  -1.87001   -1.5708   3.88026
0.192 0.28 0.301  -1.84456  -1.49402  -2.49571 -0.722664   -1.5708   3.41536
0.108 0.28 0.329  -1.56669  -1.29353  -2.54318 -0.875679   -1.5708   3.13748
0.473 0.429 0.311  -2.23316  -2.10058  -1.65879 -0.953023   -1.5708   3.80396
0.403 0.416 0.385 -2.15074 -1.88503 -1.76411 -1.06325  -1.5708  3.72153
0.497 0.189 0.355  -2.57145  -1.82408  -1.93748 -0.950833   -1.5708   4.14225
0.466 0.299 0.515 -2.37269 -1.72072 -1.61765 -1.37401  -1.5708  3.94348
-0.024 0.297 0.384 -1.11512 -1.16765 -2.44607 -1.09867  -1.5708  2.68591
0.23 -0.068 0.448  -2.95658 -0.882695  -2.39122  -1.43848   -1.5708   4.52738
-0.304 0.222 0.431 -0.336565  -1.34578  -2.20134  -1.16526   -1.5708   1.90736
0.19 -0.075 0.445  -2.95382 -0.739367  -2.43495  -1.53808   -1.5708   4.52461
-0.4 -0.09 0.565 0.490783 -1.35476 -1.84187 -1.51575  -1.5708  1.08001
-0.026 0.178 0.328 -0.773772 -0.694658  -2.74585  -1.27188   -1.5708   2.34457
-0.289 0.174 0.424 -0.212452  -1.23972  -2.29256  -1.18011   -1.5708   1.78325
0.455 -0.085 0.394 -3.08822  -1.6154 -2.06728 -1.02971  -1.5708  4.65902
-0.433 0.222 0.347 -0.247518  -1.74077  -2.07001 -0.901602   -1.5708   1.81831
0.344 0.277 0.383  -2.21395  -1.58072  -2.13624 -0.995435   -1.5708   3.78474
-0.131 -0.015 0.407   1.08915 -0.336375  -2.55991  -1.81611   -1.5708  0.481643
0.215 0.375 0.402  -1.8361  -1.5302 -2.12907 -1.05312  -1.5708   3.4069
-0.302 -0.008 0.374 0.396142 -1.19965 -2.45789 -1.05484  -1.5708  1.17465
0.145 0.151 0.335  -1.78745 -0.872434  -2.69481  -1.14515   -1.5708   3.35825
0.426 0.281 0.404 -2.34294 -1.71183  -1.9303 -1.07026  -1.5708  3.91373
-0.334 0.07 0.346  0.118978  -1.38328  -2.42645 -0.902657   -1.5708   1.45182
-0.145 0.358 0.434 -0.899471  -1.36956  -2.17517  -1.16766   -1.5708   2.47027
0.062 0.38 0.443  -1.4451 -1.35649 -2.16029 -1.19562  -1.5708   3.0159
-0.469 0.22 0.596 -0.226316  -1.61671  -1.52492  -1.57077   -1.5708   1.79711
0.338 0.282 0.473  -2.1957 -1.47376 -1.98266 -1.25597  -1.5708  3.76649
0.239 0.214 0.344  -2.06416  -1.32479  -2.47412 -0.913477   -1.5708   3.63495
-0.216 0.159 0.467  -0.21544 -0.977033  -2.30966  -1.42569   -1.5708   1.78624
0.122 0.488 0.564 -1.59705 -1.58368 -1.64067 -1.48804  -1.5708  3.16784
0.116 0.198 0.506  -1.60506 -0.837102  -2.25631  -1.61898   -1.5708   3.17585
-0.146 0.462 0.439 -1.03749 -1.61314 -1.94047 -1.15878  -1.5708  2.60828
0.133 0.271 0.436 -1.65708 -1.11347 -2.33043 -1.26848  -1.5708  3.22788
-0.061 0.319 0.594 -1.03911 -1.13542 -1.91122 -1.66575  -1.5708  2.60991
0.348 0.426 0.563   -2.056 -1.69675 -1.52163   -1.494  -1.5708   3.6268
-0.485 -0.026 0.515  0.28022 -1.55884 -1.79187 -1.36168  -1.5708  1.29058
-0.433 0.499 0.528 -0.690125  -1.97264  -1.25729  -1.48246   -1.5708   2.26092
-0.113 -0.066 0.447   1.51509 -0.373308  -2.45591  -1.88317   -1.5708 0.0557111
-0.422 0.037 0.554 0.173146 -1.39109 -1.84142 -1.47987  -1.5708  1.39765
-0.133 -0.09 0.305   1.34224 -0.574166  -2.81808  -1.32015   -1.5708  0.228555
-0.119 0.166 0.589 -0.385041 -0.795848  -2.05113  -1.86541   -1.5708   1.95584
-0.067 0.168 0.401 -0.543457 -0.635535  -2.56407  -1.51278   -1.5708   2.11425
0.267 0.214 0.409 -2.14128 -1.27374 -2.31284  -1.1258  -1.5708  3.71207
0.064 0.295 0.484 -1.41446  -1.0795 -2.22131 -1.41157  -1.5708  2.98526
0.107 0.211 0.41 -1.56058 -0.89514 -2.48605  -1.3312  -1.5708  3.13138
-0.246 0.098 0.512 0.0457582 -0.954696    -2.203  -1.55469   -1.5708   1.52504
0.244 0.28 0.515 -1.98931 -1.26742 -2.03303 -1.41194  -1.5708   3.5601
0.478 0.256 0.559 -2.44722 -1.67877 -1.55213 -1.48149  -1.5708  4.01802
-0.493 0.312 0.52 -0.37604 -1.78874 -1.52297 -1.40068  -1.5708  1.94684
0.128 0.257 0.382 -1.64291 -1.13206 -2.46973  -1.1106  -1.5708  3.21371
