-0.5 0.2 0.4 -0.176406   -1.7794  -1.85984  -1.07315   -1.5708    1.7472
0.3 0.2 0.4 -2.24604 -1.34118 -2.29244 -1.07877  -1.5708  3.81683
0.4 0.2 0.4 -2.43139 -1.56969 -2.09648 -1.04622  -1.5708  4.00218
0.5 0.2 0.4 -2.55699  -1.7794 -1.85984 -1.07315  -1.5708  4.12778
-0.5 0.3 0.4 -0.352118  -1.87663  -1.73237  -1.10339   -1.5708   1.92291
0.2 0.3 0.4 -1.85125 -1.34118 -2.29244 -1.07877  -1.5708  3.42204
0.3 0.3 0.4   -2.096 -1.51292 -2.15116 -1.04831  -1.5708  3.66679
0.4 0.3 0.4 -2.27802 -1.69336 -1.96345 -1.05558  -1.5708  3.84881
0.5 0.3 0.4 -2.41287 -1.87663 -1.73238 -1.10339  -1.5708  3.98367
0.2 0.4 0.4 -1.78789  -1.5697 -2.09648 -1.04621  -1.5708  3.35868
0.3 0.4 0.4 -1.99422 -1.69336 -1.96345 -1.05558  -1.5708  3.56502
0.4 0.4 0.4 -2.16202 -1.83884 -1.78318 -1.09037  -1.5708  3.73282
0.5 0.4 0.4 -2.29555 -2.00079 -1.55474 -1.15686  -1.5708  3.86635
0.2 0.5 0.4  -1.7472  -1.7794 -1.85984 -1.07315  -1.5708    3.318
0.3 0.5 0.4 -1.92291 -1.87663 -1.73238 -1.10339  -1.5708  3.49371
0.4 0.5 0.4 -2.07424 -2.00079 -1.55474 -1.15686  -1.5708  3.64503
0.5 0.5 0.4 -2.20121 -2.15065 -1.32064 -1.24111  -1.5708  3.77201
-0.5 0.2 0.5 -0.176406  -1.69274  -1.68902  -1.33063   -1.5708    1.7472
0.3 0.2 0.5 -2.24604 -1.24454 -2.08695  -1.3809  -1.5708  3.81683
0.4 0.2 0.5 -2.43139 -1.47256  -1.9121 -1.32772  -1.5708  4.00218
0.5 0.2 0.5 -2.55699 -1.69274 -1.68902 -1.33063  -1.5708  4.12778
-0.5 0.3 0.5 -0.352118  -1.79707  -1.56459  -1.35073   -1.5708   1.92291
0.2 0.3 0.5 -1.85125 -1.24454 -2.08695  -1.3809  -1.5708  3.42204
0.3 0.3 0.5   -2.096 -1.41452 -1.96194 -1.33594  -1.5708  3.66679
0.4 0.3 0.5 -2.27802 -1.60147 -1.78806 -1.32286  -1.5708  3.84881
0.5 0.3 0.5 -2.41287 -1.79707 -1.56459 -1.35073  -1.5708  3.98367
0.2 0.4 0.5 -1.78789 -1.47257  -1.9121 -1.32772  -1.5708  3.35868
0.3 0.4 0.5 -1.99422 -1.60147 -1.78806 -1.32286  -1.5708  3.56502
0.4 0.4 0.5 -2.16202 -1.75638 -1.61452 -1.34149  -1.5708  3.73282
0.5 0.4 0.5 -2.29555 -1.93192 -1.38662 -1.39385  -1.5708  3.86635
0.2 0.5 0.5  -1.7472 -1.69274 -1.68902 -1.33063  -1.5708    3.318
0.3 0.5 0.5 -1.92291 -1.79707 -1.56459 -1.35073  -1.5708  3.49371
0.4 0.5 0.5 -2.07424 -1.93192 -1.38662 -1.39385  -1.5708  3.64503
0.5 0.5 0.5 -2.20121 -2.09755 -1.14325 -1.47159  -1.5708  3.77201
